0.18810664722503193
0.26033176738660735
0.1907470154302583
0.2132422732809745
0.2351557598609849
0.16370909404238612
0.25116036112080353
0.257392148815295
0.17319448648427926
0.18435404053925344
0.17478181446530344
0.24288119065561467
0.24109734603298472
0.22884236494165608
0.17328926476655
0.19836526412937716
0.15972558774895265
0.20058396677826906
0.18502506775237104
0.17438311928836403
0.20527331731616122
0.18997734510939482
0.21437013974611885
0.20011288391622126
0.18680655622555814
0.19768489339393563
0.21437873142752117
0.21916554413608813
0.21346339829656877
0.1607002885186009
0.18185412315507407
0.13724881264049488
0.184225281503335
0.1635322029374871
0.1840775146058514
0.19625146269912036
0.21291128034387552
0.2013211663866539
0.21198226095577313
0.18458038829650042
0.19753760725297614
0.21609549501145714
0.18440742672464855
0.24459692166838165
0.1604402205136772
0.18679810610250722
0.24230409462653996
0.1988423963627939
0.1852889893951086
0.22627287001814295
0.16523092362360806
0.19992851027127173
0.18616920123660943
0.25848578817272977
0.23623880657389243
0.1902586684935315
0.18784415148221986
0.19904043097836854
0.22975568826364934
0.20030908293132688
0.20149497374617595
0.18695130359254056
0.1976355525447773
0.21290446978744135
0.18487527098335835
0.23033009275850888
0.24659670693494218
0.19844679258080924
0.2072766266469739
0.21245263810484963
0.22681549555670483
0.19698641671013803
0.2130109652741515
0.2252166253821079
0.198264435183956
0.223887272302196
0.1589199735105428
0.19896172900220413
0.17503833512591824
0.21444229998902276
0.2400544099172038
0.2278718265413365
0.20978151616063262
0.19856746385930657
0.2577071811567023
0.14937975102129866
0.21669575138783193
0.20001191483821704
0.2140761425626641
0.22670852507475456
0.25917136093095394
0.23002368153988895
0.19744848800473952
0.1881977592463862
0.1972919682985994
0.1170810265942201
0.14939796683135606
0.23115814528050016
0.20318428250933607
0.21145273970422948



0.19034575031765985
0.17506647424894906
0.1798473388332895
0.24042103613589288
0.18253960459763635
0.20803779161997224
0.17756856744925448
0.2137000526188797
0.1592028889392391
0.19892202872715364
0.16600735318135457
0.20498090713533337
0.24500636579274293
0.21541935588816288
0.1882461176569887
0.21465821829573306
0.25214590112752205
0.15297361995424147
0.2398523790861091
0.23173918917436737
0.19872646143466768
0.2237717321290567
0.16676339861979197
0.19636672079924797
0.19955598508409492
0.1507925012606264
0.2606357200316686
0.22072873647359925
0.1874489918928492
0.16845191401734383
0.22674463688259083
0.21937059541400494
0.17052145352502973
0.24996633167027452
0.20551970580897608
0.22223562848943482
0.18810946026713243
0.21250469864902488
0.20502666899294733
0.2336694812129779
0.23115185115589978
0.14002326355683903
0.1915079685765094
0.1853859681172741
0.2283866461142927
0.2101902309012127
0.1849049769552579
0.21472229785896133
0.14086953876591876
0.22123157229691207
0.2343329600716335
0.13076016962815526
0.18189305316774823
0.19297289688425567
0.16000904010562908
0.2118871565357441
0.2345232652039874
0.2127890983943863
0.21518289401598978
0.23229767725673497
0.14426856127152163
0.2221612554846803
0.20661216798840856
0.18562344492746397
0.23902875623725137
0.2557040652715063
0.1638060252882435
0.22848178474007033
0.23877444466225525
0.20517119373179604
0.19843211317411782
0.17872820914804044
0.21546642407377367
0.22700635747731684
0.21587822696614734
0.20323383390973113
0.1488483200580313
0.2058662410336728
0.24178402949803626
0.22842995364868598
0.23004974451914748
0.18522998446757083
0.214234480246757
0.20085419021714848
0.22039123360050225
0.20245167037411932
0.2691795817951372
0.18097338464623156
0.1965356545545508
0.2088845170909504
0.20661920181448362
0.1437643070693999
0.1525452973978237
0.21358272670390785
0.23554373541120324
0.23729126787058216
0.20904867329283874
0.1833793468025217
0.23877503650466148
0.2039473425320326



0.18107139308086698
0.1654194743146984
0.18302633587590103
0.1437238155178995
0.15631825739263408
0.17054209332338374
0.16043313369098647
0.16884382636815742
0.18176742295059786
0.1775387721497043
0.14867347494983468
0.22328344619695428
0.22299853933180783
0.15734352464610055
0.14080884684603504
0.18262038887701296
0.18811442521669045
0.14864296977295793
0.19753501413622135
0.12523337477971033
0.11216098646781358
0.1440941436560846
0.1888157142696548
0.1983648929946131
0.15208477027023173
0.2203138736863167
0.2278963270647081
0.22635596509698824
0.14266499514821013
0.17409699316922858
0.1986907877913083
0.215645919539095
0.1517153354049057
0.13672574811781557
0.19980268011037675
0.20690596093755215
0.175406618624898
0.18365681364507774
0.13676792785622588
0.15115981908054196
0.18203668558567485
0.18146767819209975
0.18124041800453927
0.176510492346033
0.11961374022944866
0.22477057988936638
0.16533825405226363
0.2126454054860411
0.17638798445952664
0.15816071469259613
0.23197432705536156
0.1958354650775099
0.1902162407226304
0.2348598506493955
0.2021047601041552
0.16715462351891697
0.19232219191654948
0.1547747015651856
0.17724682143031117
0.1623900416782628
0.23351351412911597
0.1995398108231808
0.21593980330945128
0.21977824101012094
0.1843594995922771
0.22264155876509062
0.20489178968799257
0.21550867130019039
0.20274961776480338
0.18045808515354284
0.16864704645623688
0.18613727842335565
0.17491153074507843
0.1909097240518232
0.14287341104624193
0.20554901427417321
0.13027222011878858
0.1620529660630826
0.15493078108828143
0.1609620790333455
0.22564825419745557
0.20255639165506242
0.15276282912740058
0.17044348042531787
0.21082082053795617
0.23235386614542272
0.12022638567157752
0.19350074990654292
0.15995043896833283
0.15166426180813236
0.189618530509458
0.16793875637096004
0.18060617632292045
0.16382618586565623
0.1250430814051528
0.20533292790990001
0.19368182194626127
0.12425840248377101
0.18381138124098087
0.18183730044851706



0.14511519404824866
0.2045569184777549
0.15347591855514114
0.15373753492982115
0.14987048373594922
0.14142747435783312
0.1160984299441023
0.11779902339167155
0.1262289375368551
0.13404067425860694
0.1721903569637224
0.16748261723401184
0.16856693233766487
0.15141029515126145
0.1784471519886021
0.1932316162869657
0.12621051390364035
0.1297658569791693
0.1788224866434111
0.15034624514279732
0.18695507269830886
0.1372230030793382
0.1441016780511673
0.12790802498558757
0.11247212469534007
0.12843612476490646
0.13318631032019693
0.13997450133192083
0.12192682246181773
0.10785030467237071
0.13927657816248737
0.13306786659371184
0.17362682061398071
0.13707767383028865
0.087627707687287
0.1460482611362146
0.15764607862414154
0.16334933215316083
0.13283898218234114
0.12134449340471248
0.1514648171083213
0.12289267143507616
0.15317152815056895
0.13717691881108185
0.1546385452995811
0.14377377826025423
0.13007953281468743
0.12296637835290024
0.11704113971098347
0.14388948284596909
0.1148624824951001
0.17554179240428622
0.10459459992600914
0.12225813670942297
0.14903614656269476
0.1555048147570357
0.1390297435476897
0.13004691470268148
0.07293045574196612
0.16680616508581225
0.10141156813416374
0.18239188749500082
0.1608880899951536
0.2054406089695344
0.1542934095513644
0.14773317213827397
0.09994172331054611
0.12515008311045778
0.15173090122566232
0.11214730003673934
0.15894336021976171
0.14992807440921144
0.12787653945489091
0.11598718274135651
0.1462562099385591
0.19024806377336878
0.1770308034562776
0.1863296129913499
0.17526211296021213
0.14867479759366511
0.18313510412817577
0.15639328841592023
0.15862182199526348
0.19409938749515857
0.1788546124780507
0.1409343608725438
0.14738829820966945
0.16544116287717814
0.18094216198437865
0.12323737188243498
0.11610282994355454
0.09875601640820385
0.17952697586216085
0.17983791172967853
0.17178106423054126
0.11999003512255996
0.12389027390072968
0.17963360313212576
0.14915170126458044
0.12365387807958302



0.1253267164803832
0.18927640132346688
0.09522849945991471
0.15108226255374332
0.16323551384198318
0.17216001635044714
0.1596192537335928
0.20203961885701033
0.1167821818019993
0.14930054390182074
0.18701875253249275
0.18325992071993755
0.1443906395888218
0.14795426761314912
0.18010726831052265
0.17361328328667852
0.17144033046100138
0.11772181802712034
0.14459169554984516
0.20389351379461923
0.13288363809595094
0.15212981149900265
0.19067630153585022
0.15157471268653352
0.2720588300004247
0.15880025265272432
0.14440976885869358
0.20105668226543477
0.16701781852627656
0.15120835156627813
0.1507790527599222
0.1501634077369327
0.18895464535920423
0.12913543654614848
0.12898960869546508
0.11724396356598872
0.1656904659451365
0.2087977323976757
0.17088349266910996
0.17118436170838425
0.19838299684860733
0.15107990214530262
0.12992851889182339
0.16976115592473645
0.13412775745931105
0.1610623901785746
0.2315085997928921
0.19467487031486605
0.17676474421248684
0.16349421861111815
0.15193083418440548
0.12520203339267547
0.13881090908001947
0.17042246082834123
0.12872755432959287
0.14796109103229715
0.21635270882461108
0.15879781949399796
0.16689141541482766
0.1447212458228305
0.13569534153946888
0.12654708917045762
0.10753176100209615
0.17328043111309618
0.12482507683570233
0.12953195894125502
0.17281901038042569
0.1738686238913299
0.16708417521953753
0.14444800424970866
0.1636195340297229
0.12799218296589968
0.14239152860373624
0.17296262910120355
0.174134859895201
0.15501999862064816
0.16477655992989498
0.16600536025766416
0.19525802591802233
0.1713019219015871
0.16234873000509742
0.13059075356402447
0.23043103386579922
0.14550370097171927
0.1691297719051981
0.15941377570495568
0.17848093096599077
0.1529944766401364
0.12997701596918795
0.17146713279510203
0.13751735501377688
0.16724648240582674
0.14303109711743334
0.09219373232717155
0.12177893859534861
0.11507588532858526
0.20712925688180892
0.1387111308325404
0.1650933724028909
0.16298759850932124



0.16359898227110994
0.17839173421350296
0.19366617008414014
0.10236022870124001
0.2245619127849203
0.1762771362361123
0.14793400035421517
0.19788525232702783
0.13870228210303062
0.1729083243590416
0.22241040444761487
0.1791022010889959
0.13481899640443304
0.17073798471449736
0.20743845104084485
0.16496840447751845
0.18566313828212225
0.20240469619993476
0.15232112948332632
0.17835063127384307
0.22066739645170808
0.19720343094370973
0.11407564689173483
0.23105663201430227
0.1913597454057152
0.1443240002852017
0.15940685854427514
0.20174900586614464
0.12351193580996142
0.1355114210306914
0.1436505646056584
0.24432127732985356
0.22652069231700273
0.11989123464299888
0.21070630960008555
0.26187939498812723
0.18593457030891483
0.17984426571711173
0.13604799133630507
0.14234488274122414
0.16816040632499737
0.15411252867467218
0.10891618980481277
0.1268179158072549
0.13737128073757957
0.19664970038247961
0.14610184067105447
0.14458621556230164
0.20781215761207514
0.1586105235116144
0.14693692328382488
0.2603891428605435
0.19142847875224075
0.2617718018782209
0.1687307359082159
0.21066691439543989
0.15233145352644703
0.17549678368065091
0.1981208775629871
0.16804431742392759
0.14682039525314036
0.19168103256671887
0.1618251863415795
0.1562727512294328
0.19930933096601275
0.16723244591100794
0.1707656609979523
0.2676858286125984
0.19447370879491907
0.1384826577706956
0.16499956356183865
0.09090346464783668
0.21056688494454928
0.16484188117015827
0.17284913946438898
0.23092579985698372
0.22734257499677915
0.1308116664189804
0.19936528161387956
0.1998978363487059
0.14490873319309575
0.15497403802149604
0.12663482871052084
0.16435004499561737
0.16224606843669626
0.2232417404523244
0.23598642656706356
0.14385032193301903
0.23799430527992826
0.1958245460418003
0.1975566710121037
0.10930034553136667
0.1346644168857796
0.20649268799515513
0.16815421725431562
0.13836428142351448
0.17740112072666092
0.16808988789362805
0.11658554481288064
0.16166658137825915



0.25051665897960596
0.16463317663173774
0.14364700919866463
0.1476972524741943
0.160848500272363
0.19220953995707882
0.12692451864640178
0.16790114006009396
0.14656299374527412
0.23942511906120112
0.1885712217654879
0.1896108092270796
0.16482517338174096
0.12487232284437251
0.22794737227730014
0.1620095737610038
0.19447166970817326
0.23052386600627842
0.11900669954449282
0.13859477845665572
0.16741568067339557
0.1845846846013826
0.21636048023529644
0.189806848635504
0.23235812808739129
0.16165189698426297
0.18324356097392233
0.23783905735950836
0.22023015205344362
0.1719876725449402
0.20978613510405578
0.23201658310029283
0.18025393587193753
0.11662087556579623
0.19548274792197212
0.24864094225095862
0.21599287300073097
0.17228195475016111
0.1331214098684332
0.1986775977414098
0.22758557145714056
0.23210281909830446
0.1316702328471952
0.13100906302764279
0.1440705684559165
0.1817749669023372
0.20604685301861148
0.23159442340402195
0.2009855854699145
0.24557664522547876
0.21956934585157972
0.1814685858010298
0.18370631407864385
0.2042818079949006
0.16215571912638235
0.17673573569454612
0.10286610403045025
0.1913362699386077
0.15361492791388145
0.16852215908799456
0.32141194298939657
0.15415951743880216
0.21603930317116887
0.22691452162340045
0.10327468798274186
0.20906288646606164
0.19081696183518979
0.16676176940473356
0.18772628396638147
0.2653532436133199
0.3053165381397607
0.17431450131672507
0.29423626930426533
0.23557253828874375
0.2433087997404657
0.16451156011003132
0.25929664466965074
0.18135471664661182
0.1807792664896188
0.21981890511475696
0.11503799892041895
0.1946817452552552
0.16300983815821815
0.17594005596950574
0.17040114936953715
0.26523556908834267
0.17862282075299238
0.18617622601412628
0.24125445502442477
0.13640592392412726
0.15806242750912722
0.19561347894904424
0.2440194817383071
0.2999787197564905
0.2761551752075793
0.1792531509785924
0.15140915994406737
0.2320797591747802
0.13763972707653235
0.2387303567517835



0.23981259003838576
0.195072273826541
0.21261602756852785
0.21549834847178242
0.22991835451414896
0.28619295013695284
0.2076581193049446
0.26622985472418603
0.18975322196637734
0.27731415759616723
0.23057892122017468
0.22844543359399735
0.20566259518985736
0.1826940138172311
0.2581113301965769
0.2473283548801108
0.23617062996632474
0.2794150694408059
0.16499116856001897
0.1862844695275707
0.1950821724963293
0.1796023397308751
0.13428662513586428
0.22728488546531547
0.3039082364744714
0.1946052303503595
0.14329753802572998
0.14449178476747207
0.1574588747634056
0.26917656066026147
0.25238972728896014
0.1427327347001386
0.22707659277775805
0.23446220437619855
0.17419908532775633
0.2978787162577545
0.30120877863315054
0.19099459594589369
0.16481789224249951
0.2466998164775709
0.2324882503618549
0.20058344335576095
0.20377471422590207
0.21943208283401092
0.19251708001879925
0.3065261512156784
0.15441673041313814
0.19599641033500392
0.18847980090814306
0.2261039551041271
0.2278453746775611
0.24445034847801678
0.1683519660229653
0.25072217869581137
0.24464223350783057
0.2879769869142912
0.21752640323318573
0.30459293725990066
0.19399355848742228
0.2789267691115849
0.19668931333147965
0.2631078781732071
0.15599950760549097
0.2619071204234248
0.17666721297926394
0.20704323583654682
0.20204171368972187
0.2950760529367947
0.25273968986268985
0.19882513755819994
0.18595397355861182
0.21767418549274098
0.23323738820252382
0.1576770887989081
0.3015739411634049
0.2364551249981471
0.20337454947837683
0.17684951190258139
0.20448757372987378
0.21267826308759125
0.1341633483052957
0.14311309876221218
0.1773048906009371
0.20821031010631355
0.2487561011275452
0.2631779891855757
0.18709262616707242
0.28232892151797884
0.2638877867154983
0.2536233364771446
0.32722946213346915
0.2838120683151393
0.29318136660093674
0.1666710037098998
0.21172226204689376
0.2009322555894782
0.19731358233265478
0.1674292603826271
0.23541920404924405
0.24343277587008377



0.19376953317086426
0.2912074385166409
0.2570186867683045
0.3039519769504344
0.24667482194245122
0.2948209665660988
0.2506260754739179
0.29034399836185437
0.3305388656872726
0.17244883838405034
0.2639602901294732
0.24916795932954147
0.2579935460480859
0.24393373659865536
0.261573572224334
0.2554952103241768
0.21624908729968123
0.20741654066828288
0.19496743763314428
0.23339529153589977
0.3027107519326057
0.22557036432263855
0.23967030152795896
0.1652645072766583
0.21962539856877433
0.2504917737889079
0.17263520794636308
0.2058075911916346
0.22347425763742512
0.35738317729066926
0.23580822841178084
0.3410443248727909
0.2862072651580812
0.1861515916317817
0.2397692650803378
0.2704178905278846
0.228134429580878
0.1753301144188769
0.29441333651343576
0.3228900815882234
0.2897910564711746
0.18754713299445344
0.16689024998300866
0.28933004546878294
0.18715622779502153
0.28067727799420855
0.20548270508816688
0.22043037200071428
0.25620592982958873
0.21200482118704048
0.20294437794638165
0.3180600309004963
0.33610332493553025
0.3029085593196072
0.21100162799891609
0.20839989153508742
0.22491160317336603
0.20166931800179663
0.2121698955253951
0.2572672047989267
0.23133498136359182
0.276502580101538
0.27819848136743613
0.268355535210682
0.2801093057069134
0.22104117309278515
0.24987804060260593
0.1963539497867681
0.2870588068586585
0.258108865953252
0.16100047235283127
0.12682884268957165
0.19364561520151619
0.16806413675607412
0.21809495527462708
0.2723518696201727
0.26991121574793975
0.2516641443845179
0.2679782408242234
0.30227228255092414
0.13228607149125865
0.17704182814166505
0.19140466750198887
0.17336059536515755
0.27052617540565405
0.19546934171285546
0.16321465124930198
0.3050034879910346
0.24676898333701622
0.2359431643000026
0.2268682160089268
0.24535934696805628
0.2300050879955187
0.24112440047928882
0.26283064261294087
0.18395981583276855
0.2675877932542005
0.27011012987184085
0.1915687221071177
0.18712553887853783



0.33999646523595844
0.3606852111980788
0.24887946926747137
0.28790054451167996
0.3571904053780748
0.2595092029028972
0.22014066522003567
0.23659883109849936
0.25199101876948676
0.1342120485102704
0.14758102584727328
0.24830296907055094
0.2614055437952684
0.2804576861762354
0.2650287580447663
0.2792462615688613
0.29040725951129226
0.2497833886784023
0.2868693256563473
0.20718809192307502
0.25981833713699826
0.254442262844246
0.2761655056394851
0.3012360900670358
0.19858927100822077
0.18904212725326547
0.20144075808109296
0.2659961174523465
0.2717318061792053
0.2610731964995735
0.17782970468155462
0.24654551047078963
0.19920726144271297
0.18181380618497195
0.27360093964670423
0.35944219415866296
0.1519810943771631
0.30413447511979214
0.19801181112827437
0.2654322729281823
0.23320534529592385
0.2629557379409513
0.2826420575216512
0.31219882138687916
0.1833502813482517
0.20061537242962518
0.2818537370484924
0.26371962627840634
0.2398561770377106
0.2806784130752887
0.17806089550850412
0.2318276868552798
0.27895968383949404
0.29478305278652334
0.26652430394254345
0.3215974243589501
0.27169751828884836
0.25172713617599035
0.262126637786983
0.3107047403575043
0.25961355146754206
0.27926359746896867
0.2899103232811999
0.2885293069089733
0.17889902847096753
0.27244316622175485
0.3395258247507452
0.24446465450694843
0.29441484479371766
0.15288622672938706
0.30291647998876886
0.2525254661349429
0.32942121203774355
0.3349472661694776
0.27084913762050017
0.267396066339073
0.23423195561592505
0.29744830593442945
0.31690465112483684
0.241444143071417
0.25623984061735333
0.25815747838611214
0.2913274303344562
0.22639234290433066
0.26098314394020905
0.2808892368500863
0.31540584670610117
0.25363221084768967
0.23337541433673487
0.27638549784873556
0.2134118992498292
0.2443078565033956
0.32401600073796044
0.22626200473003652
0.25245097647637027
0.29578425814671183
0.16606800004705433
0.26078836581369935
0.19959582717011293
0.2800774737832743



0.30669633259900053
0.28375809198228064
0.3499375973866364
0.24358623878175836
0.2311521383471774
0.1996389312570622
0.21053829990404377
0.30557827705523943
0.24092136737416947
0.29706031177767767
0.3212453673561843
0.1996263489975373
0.22279978850084095
0.3301334378825856
0.26732219589973194
0.29499018820622663
0.3023823333251957
0.2788570334909069
0.3144637965369881
0.3366309571568603
0.30578692167796734
0.30032583322361944
0.33191350825855603
0.2851001324336593
0.1983138198412318
0.2564928335821944
0.3342435677420218
0.2398642211562133
0.25071519869563047
0.2916349797733095
0.3489046648181297
0.32347137004276927
0.2801932965153864
0.29291976570125444
0.29934834841841845
0.22185244156081468
0.27725693045355376
0.25271410297544067
0.2604436552705849
0.2452963248899306
0.3373024961149887
0.2917739860510652
0.27404997933567826
0.15771690238224823
0.25036745460320764
0.20506678615490423
0.18803434287868295
0.2917205100908298
0.24831843324594954
0.24686234573622895
0.37640725043521406
0.24808478923339247
0.21877673676478937
0.22289487918260995
0.27887501524491126
0.2338021197668818
0.18418561572382325
0.265307389065423
0.272099560485429
0.26878804672298096
0.2916352493971812
0.35739702687618546
0.2879819028495871
0.24091016510311092
0.19972567023642235
0.20019096596512184
0.3258511668289646
0.2821465698860328
0.28579946177661913
0.34257076554304966
0.33001780248148005
0.2663855565249124
0.1723199984349426
0.29543849166346803
0.3051607180000858
0.1807752862611978
0.23131116087951945
0.21121624676847126
0.23963018067051872
0.3360959026704608
0.22433354742037426
0.269104181508098
0.27870081478776154
0.23128319901754613
0.3506417290859018
0.18194376169552284
0.3271091898883865
0.3364440515037774
0.2321217028399635
0.22776708794029601
0.30409111387090076
0.25893287402797666
0.28392457607089
0.2786117198802538
0.27934019765826745
0.23630068514114874
0.24931524832533453
0.3082006289460199
0.2119626443392404
0.22472869821459637



0.22457596843469285
0.31942339849153817
0.27946393749246673
0.32349731719561964
0.3246265894640971
0.2941902027736182
0.20077052746828228
0.32137397576204696
0.24846714015644758
0.3486938443125393
0.28186277969016954
0.3410037632130588
0.36193425960112124
0.286503497331747
0.24848959130850706
0.18912087723147944
0.29032565589628667
0.2989774737845588
0.27159027044323436
0.30552161467171995
0.32864047915906786
0.3200472973720373
0.259687146120359
0.22629028539682833
0.3171014195510607
0.25497052829813643
0.24201785579082555
0.33372171546977425
0.2908186353993436
0.23071144743290464
0.3207153691211891
0.3560080380253182
0.2798985775964514
0.23972695271554242
0.2902850551741936
0.2868688156536438
0.2895086053780037
0.3485730779190535
0.3154174110692869
0.31187642382924863
0.312393680261559
0.32157295659214985
0.28800209146256994
0.31128768080306446
0.3246302612402033
0.31981411144546473
0.2954355430011535
0.335299836325841
0.28078405789837235
0.27078279429231566
0.2914396377714611
0.2927425121190448
0.19535592920853564
0.28875727994338174
0.2798580699625788
0.2831747359534638
0.3186029023577233
0.29686999291086075
0.2171108172818225
0.2721122619776263
0.30475034607889717
0.2849127315094784
0.28684193792219725
0.3137088539302143
0.24110216880798352
0.29506254825451894
0.2289177024174751
0.3147260242138883
0.22732585920718532
0.3566900844418058
0.27249869709575236
0.29422422283776606
0.3576092351719331
0.22601116490002138
0.2633975680165735
0.301978820825911
0.22481546003382574
0.2188882705460481
0.3422754148396051
0.3241251128518767
0.35189784903026267
0.31003566538360117
0.28648911199035276
0.3500727664041496
0.18563406704769717
0.2674942560502038
0.2543370457669822
0.22190737795750656
0.29042357073180936
0.4031199037102542
0.2312140406669788
0.25603077201075686
0.30117657913509593
0.31747524729813725
0.29972525162192964
0.3174568495232
0.25884109911376735
0.2702422373930621
0.2975679799284429
0.28441694278847246



0.3530980105142759
0.3460190214638882
0.32277594348473015
0.33573521506817505
0.2868480776551694
0.3082031572333828
0.2945612955398399
0.32398415562544447
0.3129119774278051
0.3074964988819973
0.29540608699566095
0.3581790744795354
0.2753388839017847
0.3178429009580509
0.30319526497142457
0.2835245467555145
0.29489704674991507
0.306119513891197
0.28913733240324796
0.3371580497681658
0.2671013670911322
0.29220262028610855
0.37042512140204276
0.3223165848044938
0.3597920103262881
0.3169620940828326
0.29749542587800204
0.2961968171702277
0.3066455825955199
0.3123248082160153
0.26292330892122345
0.2701411283636987
0.32557290848116366
0.27074843238433133
0.30030499116963905
0.3528221501103877
0.317985645001225
0.35127911696412123
0.30722992270470656
0.3199518719009582
0.3523995932052684
0.3413472646869597
0.2670907220876204
0.3093523590951705
0.29755394888571846
0.3612543848305156
0.26352085547198817
0.31067968041647165
0.24233358768639965
0.3472267517362409
0.34386501466681757
0.30249166862332494
0.2692990984430089
0.28078664487643534
0.35972419118838145
0.24606092280167724
0.24708499889273544
0.2938059194663899
0.30640099495804546
0.30465363070792467
0.28968142260293767
0.3312561120705188
0.3751229809701002
0.30225552019934193
0.32374438434280706
0.21419007177113736
0.26582518300923474
0.23219473832484022
0.2334687647868721
0.30163666387617194
0.4018962390435397
0.3071873131037469
0.2202098013373281
0.28787106211774555
0.2821781309151493
0.3008156498607165
0.2984495380578081
0.27115937648087485
0.3152490219261336
0.28231004441063506
0.3266555382269636
0.21176171805149122
0.2490904537153668
0.24824484496801816
0.3168497936860753
0.3075259020212714
0.30975213455428846
0.26945303422077127
0.26160302633576055
0.31734306323738937
0.31458298080828007
0.2726166628393463
0.25202627709440417
0.36429147811089807
0.2447349633661774
0.2853878049976338
0.31884381614467355
0.2927982605945527
0.2313361938523383
0.2733854642910111



0.3239406346894932
0.3505437057363123
0.337064859005686
0.29124678931479925
0.2225484345911917
0.31974368502122413
0.37236983896307374
0.2934284636628475
0.2830228229123096
0.29259103199545583
0.34373220217629213
0.22984545035527185
0.3178772893305499
0.34171369038504157
0.34536896240252624
0.31809063375724383
0.35857011559867513
0.2983650333635946
0.2867487681778571
0.334393379640346
0.25717454354890795
0.306085482825697
0.2519554515144857
0.27581592037716757
0.3393989877389346
0.3062410142206044
0.3046024958134943
0.2992605981627315
0.3393317939623786
0.3020476105010108
0.25192261880237204
0.3371626910903993
0.23854712163450384
0.37770317201927295
0.22202934178928838
0.33020280570466776
0.3400130624098308
0.34032281594535274
0.2562370100604075
0.29069973675347066
0.3665982525073004
0.28862066306342354
0.3041052641791319
0.36845948114393956
0.3200112507717962
0.32432076666316273
0.2721406030937526
0.30584707706871195
0.2345752782539927
0.37853612773517564
0.3207508723405102
0.33775474734977423
0.28991081200776314
0.32404006267150803
0.3384963450145197
0.35483097189246315
0.32963368037995455
0.33253946775413157
0.3073147063675039
0.35829541474976745
0.25686675756789673
0.3122166667802674
0.33707709342161596
0.3639694822346067
0.3205616269132335
0.2779272401593619
0.32800308246695764
0.30651682997675556
0.3108560381122196
0.33554589525499995
0.3676157829065716
0.29835027175615686
0.24913181616104396
0.302485976489013
0.377316989757318
0.2640974369502045
0.32715902099141414
0.35103935678919335
0.3716392535745575
0.25557460084570605
0.3074271648332273
0.34274024185014457
0.34697040477297203
0.2855644553376944
0.3677250873914041
0.28349088709061937
0.27921736602760583
0.33971250900332234
0.34454291182291474
0.34227113765004397
0.2256781054113783
0.34900059760321434
0.32916978521678714
0.31367247043902796
0.29713813047883975
0.3251325958520333
0.3389038408683608
0.2931981855894742
0.2850586817816429
0.34936301350918575



0.3433037975495547
0.3234332289812868
0.36374021069889456
0.3321455393197278
0.3308887063313922
0.36551498846001046
0.3058151994491346
0.3334130589922051
0.34939652264934695
0.2950974012367681
0.24811396231280178
0.3488581491021759
0.4161851436875201
0.29986149014414337
0.33277944398884246
0.3167065732951198
0.31724190716432643
0.2837466824268114
0.32959316968804875
0.29633655758160826
0.29712702144366226
0.34380181441506086
0.3469939425980408
0.3153705369733276
0.3525803374586179
0.28821739466882434
0.36013365580709883
0.3326504633808829
0.29018868674086007
0.3035849787756836
0.3662642136477432
0.3369414353528658
0.2966178633805219
0.2649334760097001
0.32362477212494145
0.354323849357636
0.3663688494584062
0.3357574562339077
0.3151143300090823
0.33540000307857315
0.3166023028551887
0.3530638413548048
0.3051972807082473
0.31633932205768706
0.3750925506081241
0.3309209150115754
0.33041625392257146
0.27499909081965823
0.3437068740060235
0.3118668070931568
0.34479371902904205
0.33260615069090477
0.3532560571347208
0.2145190171557272
0.3355956692174445
0.38887284860037563
0.35793464841530415
0.32905876718259675
0.32354171483928
0.4057813312925727
0.3458267113931301
0.2719943978158547
0.3298301214316867
0.3318334011842323
0.28610589783946827
0.38321659753716564
0.30373442386634897
0.27288586906708096
0.21346409219983054
0.3552703000828539
0.28321599314059426
0.3697915549277473
0.3252509209769631
0.3074786663351663
0.37061757080407237
0.30034267419430244
0.30496353102916757
0.37043176430646674
0.3150202287598787
0.3648432788655328
0.30220934853076403
0.35809106820768
0.3059124824338852
0.27914596714249756
0.27965141138888167
0.3848490862692891
0.35278937927498477
0.32851076929897916
0.34127753054634213
0.31473543381107755
0.3110802201519476
0.3219349642276287
0.30300536156446
0.38087320143350617
0.23866544912265478
0.3709621205272336
0.3600599214577829
0.3233742432052759
0.2707473493475361
0.3319132167562725



0.3114495960746756
0.3359790705219059
0.3900114809947441
0.3590533922936953
0.2904619703838909
0.27702651839979814
0.34999560019475917
0.3400119292401446
0.3662982426984896
0.33239617178879455
0.2672191395125664
0.2831430838963738
0.37000726459774536
0.2877750070578852
0.35823975666249896
0.30108221159955223
0.41080085414339196
0.34350150301731824
0.27824552304343214
0.32766842773221055
0.3305360639374519
0.3779531687798474
0.2266922187670455
0.3649806935723758
0.40841844957429607
0.29009413121764327
0.38680414974999155
0.30591020488455445
0.3239979585357331
0.34181318175960956
0.38487289931670265
0.3135508643662236
0.311289693429957
0.34074197579473176
0.3753976368409236
0.4151890380093164
0.28734584099560484
0.3570123352260642
0.3335860013828808
0.3301746705423824
0.3368062863830354
0.2789180582949604
0.2414005692501242
0.3545785376118981
0.33276705721043903
0.2631397546140416
0.40145221040606494
0.32717031274382496
0.3215774321758626
0.3449814583016094
0.3741364302838305
0.2787216996388157
0.3570419062978448
0.3273775782919304
0.3051927079324733
0.3270953490569327
0.32260701121680985
0.36710980877948707
0.3667441832993516
0.3732611037959531
0.3780032568683668
0.39266789260715357
0.29371985439056675
0.2758477162923396
0.37541404922868105
0.33049228599193875
0.4096465112778146
0.3253989528043906
0.40056748125534464
0.4079285235556201
0.34718396077441865
0.386583480603947
0.34486009667102324
0.3264880354106514
0.34221803376856474
0.31521631103558495
0.35422993848021644
0.35690691912555744
0.3054283766055262
0.3165454253748638
0.3685478192767696
0.2619081179084706
0.36253424230441456
0.2933761263843763
0.3561097893188267
0.29612546837535536
0.35393422234824506
0.2975030145475461
0.3918681718710709
0.297100844311377
0.35152098260407594
0.32532866493467216
0.34486869465762143
0.31720264217239885
0.25930023710406896
0.3088481835747348
0.36347066292384056
0.28308565583220263
0.36588101484456736
0.30891400157397597



0.2569482877602345
0.3385898974831227
0.3122133897885307
0.2992475910009005
0.34213216159629184
0.3095142099712372
0.3455971270893597
0.34549942383644483
0.3697283929618739
0.35063085206464173
0.4210062871294447
0.26096546418954497
0.36116345266932404
0.3174164124649069
0.3705568563524535
0.35204275522848943
0.38586995413454295
0.35017802044455587
0.3178986545276242
0.32667769237887195
0.37278970538625544
0.3525684182114511
0.3861272770587765
0.3148492880981931
0.3800220579960479
0.32965100907391764
0.3281814479503604
0.3294365303326711
0.36335189397910944
0.37119730309144766
0.37342399648909275
0.3329412030085526
0.3984329806749674
0.3517003272322722
0.28626778380059414
0.3960815178415344
0.4111495216690803
0.35330086238207126
0.31819860972512193
0.3346798249050192
0.38252108677081353
0.3389043799269284
0.3370133289371771
0.34814569868971207
0.36961425119732944
0.3094805308783189
0.37105690772489774
0.3442411157191419
0.39192159852085223
0.337420250609407
0.4062329651335734
0.33078622111759154
0.3507421955049081
0.3029700220544758
0.33937511165759865
0.3542851989845436
0.3348454903259406
0.3349232179916974
0.35892101488829165
0.4239789070712306
0.3922826429685604
0.31212317450737864
0.3584260339670495
0.3550122707959182
0.3673148710464284
0.30238346782296177
0.3525570003967246
0.36680459406828597
0.3232774588520064
0.40566411445000516
0.3689115431512647
0.41601851960554614
0.32882326631316483
0.3478403988225028
0.3689709442183736
0.36195695501961433
0.34380008172348986
0.3187342870946476
0.3704431094874962
0.3259260242872016
0.31816588352988784
0.2970022301260639
0.34220219539702296
0.34518407163030906
0.31891109405944057
0.31442088183045885
0.2896066382235588
0.3520160766803555
0.35869587353413673
0.3039939541936001
0.3564330996798556
0.29788904433410374
0.3348264821291345
0.4423250148080628
0.39214474226457935
0.34370925903708144
0.3285953645571106
0.2706263207531597
0.37457214279754425
0.34823522191598205



0.32873495882987464
0.30279048699379324
0.36348606447811027
0.3776354448001204
0.3704074662796728
0.3654057672248303
0.3995956357999772
0.3648858805880798
0.2993642838926074
0.3418239482073793
0.34022486420279635
0.3886610483224661
0.3803759969037116
0.4029531226793359
0.3705418405182566
0.3625749157509026
0.2958495510826178
0.42768333161266847
0.41377228785312675
0.38747978465286187
0.3300228512846735
0.39816466638928044
0.3839747993886647
0.34834832803866556
0.3646556291210388
0.4064321590700402
0.4582726385021025
0.31798275567140005
0.3331651192924655
0.26078269457248043
0.3458845305390696
0.39909008227411963
0.3731197998537762
0.37784163183359826
0.41325459379376805
0.329869475307581
0.3539218356603235
0.3276546182321364
0.33847405915044637
0.33583221582307377
0.381283576078169
0.33960798079497057
0.3442083962557888
0.3548358571257485
0.36545528175510666
0.3889062820687426
0.29731210090775445
0.3732832970795375
0.4027175477133903
0.30301516804240974
0.3463238088756321
0.3310417456500697
0.3398341457282671
0.3533684903982919
0.38434299196791094
0.32777511129551046
0.3383972005220928
0.4191849841919504
0.29974441346927394
0.3410900382926142
0.26286691838414084
0.3689954859606555
0.33690147312050844
0.24449707899575485
0.4166440001191701
0.3484350315396534
0.36348851230149437
0.355443192579655
0.3638491507113312
0.3477740087437419
0.3734781553627624
0.3562500900065859
0.33335234302415556
0.35691482418140896
0.25816985108697543
0.34207391782773855
0.37440749264285983
0.416681278553192
0.3874868338082097
0.2654359226690895
0.4141325084601126
0.3222010591555374
0.3897971366970724
0.2903584993925523
0.38652157570776385
0.41773767432990166
0.36875846150761254
0.3572784135732682
0.4198174260396976
0.39330064735834314
0.3531683907730826
0.2691878970772514
0.3563848520759237
0.3011391333640257
0.34326988650595486
0.40013023367935574
0.38870553961489157
0.3399323576410288
0.3141209320598412
0.4056946649004565



0.3681080704802346
0.4071527991214005
0.39181677421644556
0.38691841767679075
0.34063438483775565
0.4178661911815322
0.33029933942626344
0.3556265706254814
0.35335995896378236
0.3635192758463471
0.4016006523399002
0.4048876335106628
0.3351062160966642
0.35341122299643146
0.4283576555583021
0.37213816446981385
0.37485558945342684
0.3363980973853554
0.3243959086618847
0.3741951399109573
0.4120929875311641
0.3559858430591994
0.354387189373627
0.3787662794489877
0.38255753193342645
0.36138757861112997
0.41261294141913685
0.3584305751699287
0.40280261966899483
0.3684380583536818
0.3709449575833665
0.32763972586763085
0.3100637761938216
0.3358987972842891
0.3756377875404459
0.46229918276452336
0.4145950194894227
0.3293767265195148
0.42625531327151395
0.3111067640231797
0.31837957214258933
0.3417396204214078
0.34673033988510854
0.3099066522473472
0.3681329715647538
0.3106501463168788
0.3766883860124709
0.4049756242188081
0.3329937718085968
0.322904538637952
0.4254823027318094
0.30850502406121744
0.4176053417899596
0.37062809492772036
0.33137059464467505
0.37297217416517126
0.31208018092622386
0.42421837158080594
0.3225106871496059
0.4042028237158601
0.39894436519853815
0.33477819958356336
0.27202833040739055
0.4375165367814803
0.3240910578045866
0.40155938874926383
0.4158212396569002
0.3531016978067987
0.43110010993009573
0.42014997189049874
0.41463019446066074
0.3724127470921326
0.38775100396232703
0.3910594956098366
0.4676093182929138
0.3119887712211401
0.4073296501582472
0.4111275760305673
0.31991248938714273
0.3706687505486403
0.34189247626861524
0.3961071204561637
0.3361924576090704
0.3997756872747918
0.3460365665886704
0.3645675987460656
0.397781905683011
0.35525595740669585
0.3992884913663625
0.39493011431568253
0.34847565236529776
0.3571037873581843
0.42301544112395023
0.399058549912699
0.41147178144679397
0.40989947672036503
0.3498858348614168
0.3972465178898966
0.36054909551640946
0.3838097557582028



0.35493129036031296
0.30429780409642243
0.35084798210077084
0.43614053525355856
0.3191870486190479
0.4026064179062485
0.34954373167602665
0.3825534795694837
0.280333059668543
0.3555044299043309
0.3355678843450524
0.40016095721118894
0.3762660122800513
0.33280169292652784
0.38649373522914293
0.3761086732892831
0.3796162070271628
0.32360990980115956
0.31449635930114794
0.3730467299323413
0.41842461681169113
0.3320556762309678
0.3326997246864118
0.36117447069702335
0.3943912975204344
0.3633501849915806
0.3765107490156748
0.4154958909648854
0.3803125177325688
0.3311082287707582
0.3488423993544896
0.38222333701298344
0.41576769179417783
0.3384735455590878
0.363649401926173
0.39294113055606383
0.43625296234307914
0.3700937927419883
0.3743082207546506
0.361957469178527
0.44392485631819845
0.37992768471735516
0.4031329618260499
0.43182283391038784
0.3913322462078101
0.4149541008727302
0.35752513970474503
0.3446503310288542
0.354043190639771
0.40431210950353347
0.39830342181832284
0.3892621194604858
0.3494899375739315
0.36853471061709847
0.35868189354619706
0.41641112091836796
0.3958033707196142
0.4157891337835386
0.4044237866456191
0.341988082029511
0.298661234244698
0.3882505168047214
0.37373139282768786
0.38621174991947
0.37214634038233685
0.34738552710361476
0.352994576638708
0.3962624786774262
0.32590103319365704
0.38153427280437535
0.38139056769543644
0.34789627965039543
0.4077456378491672
0.3713457238667377
0.42141882788864904
0.384123746796725
0.43950091527942803
0.3499497478721949
0.3690145515319621
0.33959070515065004
0.40234312106498415
0.3279826730396562
0.3570726859651886
0.3495187912238693
0.36968865069758333
0.3815075528365287
0.38267891508297525
0.36105433836148165
0.375493312357984
0.37366909484508326
0.40575746930403667
0.33310402313731413
0.2989329933659061
0.3851508963848222
0.30187467148115965
0.34685123768427684
0.37115729771345024
0.32897208192755434
0.28443907557580295
0.3850295921741099



